20
15
1
15908
12507
11855
16071
17993
11179
10798
12310
19406
13987
12436
12372
14137
13827
14503
12084
11917
13651
19997
19426
18766
14397
14752
15614
19144
14841
11010
18870
13468
12581
16851
14221
12286
12238
17276
13075
11642
14688
13293
11508
11089
16777
18567
10224
17099
14820
14428
11529
18741
12709
15359
16028
13829
13501
10164
14845
11671
12508
11553
12512
10740
17609
19011
19085
15860
16968
19909
11976
10988
15235
11701
12808
19132
11769
11588
15151
16301
17398
13188
10859
19331
17902
15570
11350
16460
12356
15715
13449
17495
14819
16365
18449
10086
16906
13397
17579
10706
16796
14761
14375
13273
16508
10033
11455
13729
13512
16469
10903
14814
11610
16392
16774
11340
13193
15464
12989
16150
19261
19189
19673
10605
14289
16933
11378
18416
17116
16034
14919
18356
17912
19729
18507
13931
15595
13584
19740
17212
10254
13390
14416
18444
17849
16553
14578
15796
12013
11527
14768
13214
16020
11221
14294
19869
15088
14351
15128
11096
13420
15181
14351
10424
16801
16753
14018
19886
13214
16606
11114
15712
10757
10864
15661
18482
10583
18845
19942
17738
12735
13130
13790
17943
10840
10565
15468
17435
11999
15718
11825
17988
12349
10005
10336
15910
19355
18248
12736
11104
18084
10532
13585
15561
10718
17989
13151
13006
16879
15128
17845
17341
15423
14301
18533
12459
18833
14358
10295
16038
15714
15648
13301
17318
14562
12122
12707
15087
11649
12449
14103
17069
16220
13127
13015
14426
17269
13918
19140
18021
16683
19352
10006
18419
17718
16188
11780
17246
14971
13651
19989
10659
13104
13706
17703
16266
12979
10018
16886
11843
13502
17786
17727
15398
15708
10102
16843
15871
16029
19551
15110
18277
13519
17594
12369
10503
12608
10266
18194
16922
13092
11698
15374
12980
13328
16187
14869
14695
16216
12654
17140
18785
18621
15308
12653
11827
12996
16310
14352
10523
14501
14440
10864